Chr	Start	End	Size	Mean	L.pv	G.pv	LOH.pv	X..L	X.G	X.LOH	Probe Size	Loss Mean	Gain Mean	LOH Mean	Focal-score Loss	Focal-score Gain	Focal-score LOH
1	629433	28769775	28140343	0.037234	1	1	1	0%	0.2%	0%	188	-0.245497	0.23569	0	6.21577510638298e-07	2.08861457446809e-06	0
1	29120046	45618904	16498859	0.090436	1	1	1	0%	6.5%	0%	106	-0.248159	0.258319	0	2.78593594339623e-07	0.000158308118481132	0
1	45688113	54225464	8537352	-0.018141	0	1	1	2%	0.6%	0%	43	-0.234759	0.232273	0	0.000111073764069767	3.47059075581395e-05	0
1	54413479	111140216	56726738	0.060993	1	1	1	0.1%	0.8%	0%	131	-0.221472	0.223416	0	1.40829141984733e-06	1.40001675114504e-05	0
1	111185102	151195321	40010220	0.031456	1	1	1	0%	2.1%	0%	78	-0.233875	0.236648	0	7.1361858974359e-07	6.38919260512821e-05	0
1	151249536	160286348	9036813	0.190466	1	0	1	0%	40.1%	0%	95	0	0.269216	0	0	0.00113590165187368	0
1	160343400	169894267	9550868	0.028999	1	1	1	0%	6.7%	0%	41	-0.222852	0.36536	0	2.58725736585366e-06	0.000601150868292683	0
1	170085208	205813748	35728541	0.110742	1	0.998	1	0%	7.2%	0%	96	0	0.226408	0	0	0.000169761190083333	0
1	206023909	248859144	42835236	0.068683	1	1	1	0%	0.2%	0%	139	-0.247798	0.224831	0	4.24287223021583e-07	3.46466188489209e-06	0
2	46870	24360714	24313845	0.164017	1	0	1	0%	31.8%	0%	51	-0.236403	0.251037	0	1.103214e-06	0.00156482683376471	0
2	24770702	69827100	45056399	0.03645	1	1	1	0%	0.2%	0%	141	-0.217722	0.237239	0	3.67502382978723e-07	4.00445971631206e-06	0
2	69881396	176179008	106297613	0.117476	1	1	1	0%	3.9%	0%	230	0	0.223756	0	0	3.81961220521739e-05	0
2	176188958	241768816	65579859	0.050173	1	1	1	0%	0.3%	0%	170	-0.267294	0.220076	0	7.484232e-07	4.00408863529412e-06	0
3	3150879	97944963	94794085	-0.014364	1	1	1	0.2%	0%	0%	219	-0.248086	0	0	2.156875543379e-06	0	0
3	98523066	113015060	14491995	0.032599	0	1	1	2.8%	4.8%	0%	32	-0.253848	0.234686	0	0.000224623749	0.00035164763525	0
3	113019861	150466431	37446571	0.153368	1	0	1	0%	38.2%	0%	110	-0.235516	0.289836	0	5.09570981818182e-07	0.00100535940294545	0
3	150584242	198043720	47459479	0.221856	1	0	1	0.3%	47.2%	0%	143	-0.219456	0.412607	0	5.11194360839161e-06	0.00136286688927273	0
4	499156	52720351	52221196	-0.020322	0.813	1	1	0.8%	0.2%	0%	97	-0.238646	0.233406	0	2.04891122474227e-05	4.29515164948454e-06	0
4	53460861	189963204	136502344	-0.005853	1	1	1	0.5%	0.2%	0%	216	-0.236971	0.216379	0	5.61270201851852e-06	1.78813201388889e-06	0
5	218215	32604079	32385865	0.032773	1	1	1	0.4%	2.8%	0%	38	-0.240099	0.261134	0	2.63097956842105e-05	0.000192957410157895	0
5	32791724	50443248	17651525	0.132095	1	0	1	0%	16.3%	0%	26	0	0.249289	0	0	0.00156397206973077	0
5	50846522	128083172	77236651	0.033976	1	1	1	0.1%	1.5%	0%	138	-0.230156	0.231251	0	9.92339275362319e-07	2.57191329565217e-05	0
5	128189688	142326455	14136768	-0.025583	1	1	1	0.3%	0.8%	0%	72	-0.235515	0.237597	0	1.0117331875e-05	2.59112728333333e-05	0
5	143229011	181272307	38043297	0.033857	1	1	1	0.1%	3.6%	0%	101	-0.246889	0.234021	0	2.03622313861386e-06	8.38050054356436e-05	0
6	351355	69797111	69445757	0.101968	1	1	1	0%	1.1%	0%	265	0	0.225729	0	0	9.52661560754717e-06	0
6	70561174	170584692	100023519	0.013453	1	1	1	0.1%	0.1%	0%	197	-0.21561	0.241949	0	1.56289888324873e-06	1.16921547208122e-06	0
7	520296	55956501	55436206	0.097315	1	1	1	0%	4%	0%	136	-0.291305	0.24439	0	2.54891875e-07	7.09809191176471e-05	0
7	56051604	103329511	47277908	0.02704	1	1	1	0.1%	0.1%	0%	127	-0.240101	0.226131	0	1.12488263779528e-06	2.33075180314961e-06	0
7	103344873	149461123	46116251	0.121315	1	0	1	0%	9.6%	0%	103	0	0.228414	0	0	0.000211866181864078	0
7	149497817	158956747	9458931	0.040505	1	1	1	0.5%	1.4%	0%	30	-0.232542	0.228219	0	3.78113292e-05	0.000105893616	0
8	477967	37899467	37421501	-0.004607	0.313	1	1	1%	1.4%	0%	74	-0.232118	0.231624	0	3.06019352432432e-05	4.28253995675676e-05	0
8	38060365	67083783	29023419	0.159358	1	0	1	0%	36.3%	0%	58	-0.222382	0.284393	0	4.56266517241379e-07	0.00177989810713793	0
8	67196263	108435333	41239071	0.144151	1	0	1	0.1%	32.8%	0%	78	-0.237446	0.276741	0	1.81128679487179e-06	0.00116253217361538	0
8	108486918	141308305	32821388	0.243471	1	0	1	0%	58.9%	0%	47	0	0.321587	0	0	0.00403291309057447	0
8	141432454	145056030	3623577	0.169802	1	0	1	0%	32.6%	0%	47	0	0.257641	0	0	0.00178832455306383	0
9	179147	69100178	68921032	0.053492	1	1	1	0.2%	4.6%	0%	87	-0.231311	0.263719	0	5.69503634482759e-06	0.000140292445494253	0
9	69759959	127917038	58157080	0.099406	1	0.98	1	0%	7.5%	0%	151	-0.228069	0.225773	0	5.39209490066225e-07	0.000111893696874172	0
9	127938484	137870016	9931533	0.06836	1	1	1	0%	0.7%	0%	98	-0.234687	0.227883	0	1.13990828571429e-06	1.54937186632653e-05	0
10	254637	12196144	11941508	0.216157	1	0	1	0%	45.9%	0%	27	-0.210974	0.3503	0	1.85969674074074e-06	0.00595525568888889	0
10	12250589	35212958	22962370	0.087108	1	0	1	0.4%	12.1%	0%	51	-0.235127	0.251879	0	1.7551539e-05	0.000599941206372549	0
10	35572669	68792377	33219709	0.042312	1	1	1	0.1%	2.2%	0%	33	-0.225468	0.240724	0	9.75661527272727e-06	0.000161430973333333	0
10	68946847	84518521	15571675	0.111442	1	0	1	0%	16.7%	0%	59	-0.296445	0.268356	0	1.79374347457627e-06	0.000758155732474576	0
10	86925188	100559998	13634811	0.123082	1	0	1	0%	9.9%	0%	65	-0.204245	0.233349	0	7.47850923076923e-07	0.000355368987092308	0
10	100965136	133373689	32408554	0.045768	1	1	1	0%	1.1%	0%	88	-0.23948	0.224279	0	9.71526818181818e-07	2.8503822e-05	0
11	207428	10294207	10086780	0.088001	1	0.964	1	0%	7.6%	0%	67	-0.237376	0.257284	0	8.4321623880597e-07	0.000290116510447761	0
11	10307397	44245429	33938033	0.008769	1	1	1	0.3%	0.2%	0%	74	-0.239828	0.230485	0	8.48148481081081e-06	7.04225114864865e-06	0
11	44620363	61447529	16827167	0.075417	1	1	1	0%	3.1%	0%	57	-0.262108	0.231738	0	2.18883171929825e-06	0.000125280815263158	0
11	61639449	65044828	3405380	0.009497	1	1	1	0.3%	3.6%	0%	51	-0.24696	0.25981	0	1.32486776470588e-05	0.000181831339803922	0
11	65088400	67421183	2332784	0.069273	1	1	1	0.1%	5.4%	0%	46	-0.232073	0.2536	0	3.60217656521739e-06	0.000300411252173913	0
11	67435408	74498533	7063126	-0.040187	0	1	1	4.8%	0.7%	0%	41	-0.237722	0.236012	0	0.00027593726102439	3.8354828195122e-05	0
11	74842413	117929459	43087047	0.084518	1	1	1	0%	2.4%	0%	97	-0.271562	0.238343	0	3.33153381443299e-07	5.96373500309278e-05	0
11	118121890	134265855	16143966	0.019529	1	1	1	0.2%	0.5%	0%	53	-0.237884	0.231781	0	9.61410430188679e-06	2.02917705660377e-05	0
12	389454	7071032	6681579	0.156457	1	0	1	0%	27.2%	0%	40	0	0.263291	0	0	0.00178947044605	0
12	7092607	22544546	15451940	0.097475	1	0	1	0%	10%	0%	48	-0.215335	0.252384	0	1.06770270833333e-06	0.000526735924	0
12	22690665	50033136	27342472	0.136548	1	0	1	0%	13.3%	0%	63	0	0.238218	0	0	0.00050431506847619	0
12	50100712	56038435	5937724	0.01763	1	1	1	0.3%	5.4%	0%	51	-0.252578	0.262735	0	1.35500668235294e-05	0.00028010642	0
12	56044675	57530148	1485474	0.087923	1	0.15	1	0%	8.4%	0%	31	-0.288192	0.250176	0	2.21257083870968e-06	0.000677880117677419	0
12	57603418	75511636	17908219	0.037982	1	1	1	0.3%	3%	0%	40	-0.227698	0.409272	0	1.760674785e-05	0.0003104225802	0
12	76085033	93583487	17498455	0.105509	1	0	1	0.1%	19.3%	0%	22	-0.231951	0.260521	0	1.50557285454545e-05	0.00228383366277273	0
12	93894840	112109022	18214183	0.030866	1	1	1	0.1%	1.4%	0%	71	-0.234237	0.237673	0	3.92594408450704e-06	4.61989446901408e-05	0
12	112153609	120194710	8041102	0.096939	1	0.001	1	0.1%	8.9%	0%	29	-0.221409	0.250484	0	7.26832303448276e-06	0.000768683571724138	0
12	120201235	133063304	12862070	0.009316	1	1	1	0.4%	0.7%	0%	58	-0.232492	0.236471	0	1.66913222068966e-05	2.81359719137931e-05	0
13	19673459	49209779	29536321	-0.040282	0	1	1	2.5%	0.8%	0%	71	-0.229311	0.245026	0	7.95418494084507e-05	2.79191597183099e-05	0
13	49495003	114327328	64832326	0.043126	0	1	1	1.6%	0.7%	0%	77	-0.232825	0.228137	0	4.92863311688312e-05	2.18567097272727e-05	0
14	20305994	24441834	4135841	0.064845	1	1	1	0%	3.6%	0%	48	-0.204233	0.256275	0	1.01265529166667e-06	0.000189931809375	0
14	24442905	57298742	32855838	0.067816	1	1	1	0%	2.2%	0%	74	-0.252469	0.234324	0	8.11994891891892e-07	7.12059971351351e-05	0
14	57415917	69244020	11828104	0.027901	0.999	1	1	0.6%	0.6%	0%	42	-0.223167	0.22565	0	3.3506931e-05	3.26010523809524e-05	0
14	69398627	92172145	22773519	-0.062913	0	1	1	4.9%	0%	0%	63	-0.246293	0.211598	0	0.000190239840730159	7.99370222222222e-07	0
14	92748702	105856218	13107517	-5.3e-05	1	1	1	0.6%	0.2%	0%	59	-0.241021	0.237414	0	2.28438886779661e-05	9.0981873559322e-06	0
15	22590815	41773081	19182267	0.101016	1	1	1	0%	5.4%	0%	51	-0.256346	0.231542	0	2.39256266666667e-06	0.000243073699607843	0
15	41827855	63594640	21766786	0.007097	1	1	1	0.4%	0.1%	0%	79	-0.237739	0.228485	0	1.18147254936709e-05	2.75338886075949e-06	0
15	63833942	76059795	12225854	0.087001	1	1	1	0.1%	4.5%	0%	63	-0.230424	0.233107	0	2.17622666666667e-06	0.000165964783777778	0
15	76311472	81324183	5012712	-0.016573	0.016	1	1	1.2%	0.4%	0%	20	-0.235433	0.220304	0	0.000137257439	4.19348664e-05	0
15	82262763	101652391	19389629	0.061	1	1	1	0.1%	0.6%	0%	54	-0.221934	0.221694	0	5.86892133333333e-06	2.58889326666667e-05	0
16	53628	18801678	18748051	0.106466	1	1	1	0%	2.9%	0%	121	-0.281432	0.225261	0	2.76780231404959e-07	5.40440233884297e-05	0
16	18926454	48448402	29521949	0.067712	1	1	1	0%	1.6%	0%	87	-0.283147	0.225468	0	1.16187906896552e-06	4.13176588965517e-05	0
16	48620148	68238102	19617955	-0.022388	1	1	1	0.5%	0.2%	0%	75	-0.245851	0.233802	0	1.79405669733333e-05	4.82255592e-06	0
16	68301823	71642114	3340292	0.123942	1	0	1	0%	18.8%	0%	28	-0.290021	0.254502	0	4.930357e-06	0.00170972625728571	0
16	71809201	90044975	18235775	0.059921	1	1	1	0%	2.4%	0%	72	-0.255139	0.234882	0	1.26506420833333e-06	7.8789862e-05	0
17	431062	4945222	4514161	-0.038596	0	1	1	4.7%	0.4%	0%	40	-0.233661	0.224604	0	0.0002745283089	2.07084888e-05	0
17	4949061	17591708	12642648	0.049032	1	1	1	0.1%	4.3%	0%	53	-0.2323	0.269591	0	3.12947547169811e-06	0.000216659604792453	0
17	17811453	30895869	13084417	0.109815	1	1	1	0%	5.7%	0%	60	0	0.237269	0	0	0.000225836588683333	0
17	30906820	37513501	6606682	0.024611	1	1	1	0.3%	0.8%	0%	32	-0.23597	0.234791	0	2.28079753125e-05	5.848497065625e-05	0
17	37609496	57684685	20075190	0.146215	1	0	1	0%	16.7%	0%	141	0	0.233395	0	0	0.000276897510602837	0
17	57850056	78173527	20323472	0.041439	1	1	1	0%	0.2%	0%	109	-0.273995	0.221688	0	2.99132155963303e-07	4.35647427522936e-06	0
17	78207701	83095119	4887419	0.150887	1	0	1	0%	18.9%	0%	57	-0.223472	0.238995	0	4.66546807017544e-07	0.000791186658157895	0
18	214629	13726663	13512035	0.072555	1	0	1	0.1%	10.9%	0%	29	-0.26673	0.263354	0	1.31341531034483e-05	0.00098645143462069	0
18	13764558	36829216	23064659	0.078368	1	0	1	0.3%	11.8%	0%	34	-0.241129	0.244596	0	2.02477439705882e-05	0.000850784022	0
18	42087830	80247546	38159717	0.062583	1	1	1	0.1%	2%	0%	60	-0.230505	0.227067	0	5.486019e-06	7.429253795e-05	0
19	291504	2478259	2186756	0.061137	1	1	1	0%	4.1%	0%	47	-0.230808	0.257345	0	1.16877242553192e-06	0.000224098216170213	0
19	2740152	10380572	7640421	-0.018821	1	1	1	0.4%	0.4%	0%	88	-0.230083	0.232315	0	9.95370432954545e-06	9.73611045454545e-06	0
19	10420121	13774282	3354162	0.073441	1	1	1	0%	4.8%	0%	45	-0.268673	0.248505	0	1.42098164444444e-06	0.000267413469333333	0
19	13778462	17433724	3655263	0.149791	1	0	1	0%	23.1%	0%	42	0	0.255583	0	0	0.00140820147690476	0
19	17521288	38292614	20771327	0.080493	1	1	1	0%	3.1%	0%	78	-0.225066	0.318732	0	3.43369923076923e-07	0.000128350924615385	0
19	38305009	46610793	8305785	0.147838	1	0	1	0%	23%	0%	95	0	0.253858	0	0	0.000615191460631579	0
19	46717127	58558960	11841834	0.060988	1	1	1	0.2%	1.1%	0%	106	-0.210045	0.237258	0	3.06546806603774e-06	2.47666016037736e-05	0
20	290778	6780280	6489503	0.167559	1	0	1	0.1%	39.8%	0%	42	-0.224642	0.291565	0	6.36485666666667e-06	0.00276359191047619	0
20	8019829	33994357	25974529	0.127841	1	0	1	0.2%	24.4%	0%	63	-0.227861	0.24928	0	8.17767811111111e-06	0.00096554849015873	0
20	34108308	35412141	1303834	0.063633	1	1	1	0.1%	6.1%	0%	16	-0.239856	0.258781	0	1.9623219e-05	0.0009910180133125	0
20	35435450	41618494	6183045	-0.037646	0	1	1	2.1%	0.7%	0%	30	-0.230543	0.275844	0	0.000161833501233333	6.56416772e-05	0
20	43464247	46089952	2625706	-0.143	0	1	1	34.2%	0.4%	0%	23	-0.272704	0.254229	0	0.00405991044173913	4.86572199130435e-05	0
20	46129745	58995133	12865389	0.000788	0.987	1	1	0.7%	1.3%	0%	41	-0.234499	0.242688	0	4.08314234390244e-05	7.74648257560975e-05	0
20	59007247	64287821	5280575	0.070769	1	0	1	0.2%	9.8%	0%	29	-0.229613	0.264331	0	1.22486658965517e-05	0.000892509064068966	0
21	14383484	31732075	17348592	0.021325	1	1	1	0.3%	3.1%	0%	18	-0.234547	0.250985	0	4.49548416666667e-05	0.000434650245555556	0
21	32393026	34718227	2325202	-0.008165	0	1	1	2%	0.7%	0%	16	-0.249912	0.232716	0	0.000308485125	0.000102104145	0
21	36004667	41531116	5526450	0.059504	0.459	1	1	0.9%	4.6%	0%	21	-0.24045	0.234607	0	0.00010761855	0.000510404286142857	0
21	41767106	46665124	4898019	0.088497	1	0.014	1	0.2%	8.7%	0%	28	-0.226935	0.250494	0	1.73605275e-05	0.000780199347857143	0
22	17115694	25197448	8081755	0.118883	1	0	1	0%	12.7%	0%	37	-0.217735	0.242644	0	2.80113135135135e-06	0.000833298517513514	0
22	26483837	31496108	5012272	0.045037	1	1	1	0.2%	2.7%	0%	28	-0.239773	0.332843	0	1.83426345e-05	0.00031680709975	0
22	31528740	38110670	6581931	0.037297	1	1	1	0.3%	4.4%	0%	28	-0.241156	0.372497	0	2.76640382857143e-05	0.000584048689071429	0
22	38216511	40932815	2716305	0.013249	0.993	1	1	0.7%	2.3%	0%	24	-0.23355	0.337532	0	6.483931875e-05	0.000317927016333333	0
22	41231271	42858106	1626836	-0.035482	0	1	1	2.4%	0.7%	0%	21	-0.235799	0.226249	0	0.000271191307047619	7.05034979047619e-05	0
22	43015145	50445090	7429946	0.017342	0.547	1	1	0.9%	0.9%	0%	27	-0.240575	0.226505	0	8.16262064814815e-05	7.18608085185185e-05	0
22	50475024	50783663	308640	-0.078251	0	1	1	14.9%	0.9%	0%	9	-0.278248	0.243889	0	0.00460896170488889	0.000254701412333333	0
